        (
            (
                0.02
                (
                    (0.1    (100 0 0))
                    (0.2    (200 0 0))
                    (0.3    (300 0 0))
                )
            )
            (
                0.04
                (
                    (0.1    (200 0 0))
                    (0.2    (300 0 0))
                    (0.3    (400 0 0))
                )
            )
            (
                0.06
                (
                    (0.1    (300 0 0))
                    (0.2    (400 0 0))
                    (0.3    (500 0 0))
                )
            )
        );

